1 1
2 2
3 3
4 2
5 5
6 2
7 7
8 2
9 3
10 2
11 11
12 2
13 13
14 2
15 3
16 2
17 17
18 2
19 19
20 2
21 3
22 2
23 23
24 2
25 5
26 2
27 3
28 2
29 29
30 2
31 31
32 2
33 3
34 2
35 5
36 2
37 37
38 2
39 3
40 2
41 41
42 2
43 43
44 2
45 3
46 2
47 47
48 2
49 7
50 2
51 3
52 2
53 53
54 2
55 5
56 2
57 3
58 2
59 59
60 2
61 61
62 2
63 3
64 2
65 5
66 2
67 67
68 2
69 3
70 2
71 71
72 2
73 73
74 2
75 3
76 2
77 7
78 2
79 79
80 2
81 3
82 2
83 83
84 2
85 5
86 2
87 3
88 2
89 89
90 2
91 7
92 2
93 3
94 2
95 5
96 2
97 97
98 2
99 3
100 2
101 101
102 2
103 103
104 2
105 3
106 2
107 107
108 2
109 109
110 2
111 3
112 2
113 113
114 2
115 5
116 2
117 3
118 2
119 7
120 2
121 11
122 2
123 3
124 2
125 5
126 2
127 127
128 2
129 3
130 2
131 131
132 2
133 7
134 2
135 3
136 2
137 137
138 2
139 139
140 2
141 3
142 2
143 11
144 2
145 5
146 2
147 3
148 2
149 149
150 2
151 151
152 2
153 3
154 2
155 5
156 2
157 157
158 2
159 3
160 2
161 7
162 2
163 163
164 2
165 3
166 2
167 167
168 2
169 13
170 2
171 3
172 2
173 173
174 2
175 5
176 2
177 3
178 2
179 179
180 2
181 181
182 2
183 3
184 2
185 5
186 2
187 11
188 2
189 3
190 2
191 191
192 2
193 193
194 2
195 3
196 2
197 197
198 2
199 199
200 2
201 3
202 2
203 7
204 2
205 5
206 2
207 3
208 2
209 11
210 2
211 211
212 2
213 3
214 2
215 5
216 2
217 7
218 2
219 3
220 2
221 13
222 2
223 223
224 2
225 3
226 2
227 227
228 2
229 229
230 2
231 3
232 2
233 233
234 2
235 5
236 2
237 3
238 2
239 239
240 2
241 241
242 2
243 3
244 2
245 5
246 2
247 13
248 2
249 3
250 2
251 251
252 2
253 11
254 2
255 3
256 2
257 257
258 2
259 7
260 2
261 3
262 2
263 263
264 2
265 5
266 2
267 3
268 2
269 269
270 2
271 271
272 2
273 3
274 2
275 5
276 2
277 277
278 2
279 3
280 2
281 281
282 2
283 283
284 2
285 3
286 2
287 7
288 2
289 17
290 2
291 3
292 2
293 293
294 2
295 5
296 2
297 3
298 2
299 13
300 2
301 7
302 2
303 3
304 2
305 5
306 2
307 307
308 2
309 3
310 2
311 311
312 2
313 313
314 2
315 3
316 2
317 317
318 2
319 11
320 2
321 3
322 2
323 17
324 2
325 5
326 2
327 3
328 2
329 7
330 2
331 331
332 2
333 3
334 2
335 5
336 2
337 337
338 2
339 3
340 2
341 11
342 2
343 7
344 2
345 3
346 2
347 347
348 2
349 349
350 2
351 3
352 2
353 353
354 2
355 5
356 2
357 3
358 2
359 359
360 2
361 19
362 2
363 3
364 2
365 5
366 2
367 367
368 2
369 3
370 2
371 7
372 2
373 373
374 2
375 3
376 2
377 13
378 2
379 379
380 2
381 3
382 2
383 383
384 2
385 5
386 2
387 3
388 2
389 389
390 2
391 17
392 2
393 3
394 2
395 5
396 2
397 397
398 2
399 3
400 2
401 401
402 2
403 13
404 2
405 3
406 2
407 11
408 2
409 409
410 2
411 3
412 2
413 7
414 2
415 5
416 2
417 3
418 2
419 419
420 2
421 421
422 2
423 3
424 2
425 5
426 2
427 7
428 2
429 3
430 2
431 431
432 2
433 433
434 2
435 3
436 2
437 19
438 2
439 439
440 2
441 3
442 2
443 443
444 2
445 5
446 2
447 3
448 2
449 449
450 2
451 11
452 2
453 3
454 2
455 5
456 2
457 457
458 2
459 3
460 2
461 461
462 2
463 463
464 2
465 3
466 2
467 467
468 2
469 7
470 2
471 3
472 2
473 11
474 2
475 5
476 2
477 3
478 2
479 479
480 2
481 13
482 2
483 3
484 2
485 5
486 2
487 487
488 2
489 3
490 2
491 491
492 2
493 17
494 2
495 3
496 2
497 7
498 2
499 499
500 2
501 3
502 2
503 503
504 2
505 5
506 2
507 3
508 2
509 509
510 2
511 7
512 2
513 3
514 2
515 5
516 2
517 11
518 2
519 3
520 2
521 521
522 2
523 523
524 2
525 3
526 2
527 17
528 2
529 23
530 2
531 3
532 2
533 13
534 2
535 5
536 2
537 3
538 2
539 7
540 2
541 541
542 2
543 3
544 2
545 5
546 2
547 547
548 2
549 3
550 2
551 19
552 2
553 7
554 2
555 3
556 2
557 557
558 2
559 13
560 2
561 3
562 2
563 563
564 2
565 5
566 2
567 3
568 2
569 569
570 2
571 571
572 2
573 3
574 2
575 5
576 2
577 577
578 2
579 3
580 2
581 7
582 2
583 11
584 2
585 3
586 2
587 587
588 2
589 19
590 2
591 3
592 2
593 593
594 2
595 5
596 2
597 3
598 2
599 599
600 2
601 601
602 2
603 3
604 2
605 5
606 2
607 607
608 2
609 3
610 2
611 13
612 2
613 613
614 2
615 3
616 2
617 617
618 2
619 619
620 2
621 3
622 2
623 7
624 2
625 5
626 2
627 3
628 2
629 17
630 2
631 631
632 2
633 3
634 2
635 5
636 2
637 7
638 2
639 3
640 2
641 641
642 2
643 643
644 2
645 3
646 2
647 647
648 2
649 11
650 2
651 3
652 2
653 653
654 2
655 5
656 2
657 3
658 2
659 659
660 2
661 661
662 2
663 3
664 2
665 5
666 2
667 23
668 2
669 3
670 2
671 11
672 2
673 673
674 2
675 3
676 2
677 677
678 2
679 7
680 2
681 3
682 2
683 683
684 2
685 5
686 2
687 3
688 2
689 13
690 2
691 691
692 2
693 3
694 2
695 5
696 2
697 17
698 2
699 3
700 2
701 701
702 2
703 19
704 2
705 3
706 2
707 7
708 2
709 709
710 2
711 3
712 2
713 23
714 2
715 5
716 2
717 3
718 2
719 719
720 2
721 7
722 2
723 3
724 2
725 5
726 2
727 727
728 2
729 3
730 2
731 17
732 2
733 733
734 2
735 3
736 2
737 11
738 2
739 739
740 2
741 3
742 2
743 743
744 2
745 5
746 2
747 3
748 2
749 7
750 2
751 751
752 2
753 3
754 2
755 5
756 2
757 757
758 2
759 3
760 2
761 761
762 2
763 7
764 2
765 3
766 2
767 13
768 2
769 769
770 2
771 3
772 2
773 773
774 2
775 5
776 2
777 3
778 2
779 19
780 2
781 11
782 2
783 3
784 2
785 5
786 2
787 787
788 2
789 3
790 2
791 7
792 2
793 13
794 2
795 3
796 2
797 797
798 2
799 17
800 2
801 3
802 2
803 11
804 2
805 5
806 2
807 3
808 2
809 809
810 2
811 811
812 2
813 3
814 2
815 5
816 2
817 19
818 2
819 3
820 2
821 821
822 2
823 823
824 2
825 3
826 2
827 827
828 2
829 829
830 2
831 3
832 2
833 7
834 2
835 5
836 2
837 3
838 2
839 839
840 2
841 29
842 2
843 3
844 2
845 5
846 2
847 7
848 2
849 3
850 2
851 23
852 2
853 853
854 2
855 3
856 2
857 857
858 2
859 859
860 2
861 3
862 2
863 863
864 2
865 5
866 2
867 3
868 2
869 11
870 2
871 13
872 2
873 3
874 2
875 5
876 2
877 877
878 2
879 3
880 2
881 881
882 2
883 883
884 2
885 3
886 2
887 887
888 2
889 7
890 2
891 3
892 2
893 19
894 2
895 5
896 2
897 3
898 2
899 29
900 2
901 17
902 2
903 3
904 2
905 5
906 2
907 907
908 2
909 3
910 2
911 911
912 2
913 11
914 2
915 3
916 2
917 7
918 2
919 919
920 2
921 3
922 2
923 13
924 2
925 5
926 2
927 3
928 2
929 929
930 2
931 7
932 2
933 3
934 2
935 5
936 2
937 937
938 2
939 3
940 2
941 941
942 2
943 23
944 2
945 3
946 2
947 947
948 2
949 13
950 2
951 3
952 2
953 953
954 2
955 5
956 2
957 3
958 2
959 7
960 2
961 31
962 2
963 3
964 2
965 5
966 2
967 967
968 2
969 3
970 2
971 971
972 2
973 7
974 2
975 3
976 2
977 977
978 2
979 11
980 2
981 3
982 2
983 983
984 2
985 5
986 2
987 3
988 2
989 23
990 2
991 991
992 2
993 3
994 2
995 5
996 2
997 997
998 2
999 3
1000 2
